%YAML:1.0
---
camera_name: "22.086000"
image_width: 320
image_height: 240
camera_matrix:
   rows: 3
   cols: 3
   data: [ 1.6012746304503827e+02, 0., 1.6050000000000000e+02, 0.,
       1.6012746304503827e+02, 1.2050000000000000e+02, 0., 0., 1. ]
distortion_coefficients:
   rows: 1
   cols: 5
   data: [ 0., 0., 0., 0., 0. ]
distortion_model: plumb_bob
rectification_matrix:
   rows: 3
   cols: 3
   data: [ 1., 0., 0., 0., 1., 0., 0., 0., 1. ]
projection_matrix:
   rows: 3
   cols: 4
   data: [ 1.6012746304503827e+02, 0., 1.6050000000000000e+02, 0., 0.,
       1.6012746304503827e+02, 1.2050000000000000e+02, 0., 0., 0., 1.,
       0. ]
local_transform:
   rows: 3
   cols: 4
   data: [ 1.34924294e-11, -1., -7.34641026e-06, 0., -1., 1.34924294e-11,
       -3.67320513e-06, 0., 3.67320513e-06, 7.34641026e-06, -1.,
       -1.00000001e-01 ]
