%YAML:1.0
---
camera_name: "443.451000"
image_width: 640
image_height: 480
camera_matrix:
   rows: 3
   cols: 3
   data: [ 3.2025492609007654e+02, 0., 3.2050000000000000e+02, 0.,
       3.2025492609007654e+02, 2.4050000000000000e+02, 0., 0., 1. ]
distortion_coefficients:
   rows: 1
   cols: 5
   data: [ 0., 0., 0., 0., 0. ]
distortion_model: plumb_bob
rectification_matrix:
   rows: 3
   cols: 3
   data: [ 1., 0., 0., 0., 1., 0., 0., 0., 1. ]
projection_matrix:
   rows: 3
   cols: 4
   data: [ 3.2025492609007654e+02, 0., 3.2050000000000000e+02, 0., 0.,
       3.2025492609007654e+02, 2.4050000000000000e+02, 0., 0., 0., 1.,
       0. ]
local_transform:
   rows: 3
   cols: 4
   data: [ 1.34924294e-11, -1., -7.34641026e-06, 0., -1., 1.34924294e-11,
       -3.67320513e-06, 0., 3.67320513e-06, 7.34641026e-06, -1.,
       -1.00000001e-01 ]
